1 7 9296 11176 9096 6151 9174 14 6115
1 7 3122 11065 3172 66 195 11121 158
1 13 6106 11159 9118 6094 11092 155 11175 6021 94 9045 9055 11038 3092
1 8 9097 11186 104 4640 11443 11127 11426 3152
1 7 11105 6009 204 9183 165 11056 6186
1 8 11105 9129 11172 9094 169 3117 11126 3122
1 16 11109 9212 11191 110 187 9177 9153 11093 93 11083 160 11168 163 6182 6075 72
2 7 223 3210 3278 236 398 3390 3335
1 5 9340 265 530 6229 6360
4 13 372 6338 11387 9381 11286 11354 3264 272 3139 6297 305 6217 12244
3 10 9271 298 403 6308 9349 273 7237 6246 7403 12244
2 4 1754 278 11307 7228
2 6 3460 17 3381 279 3324 389
2 6 11542 9429 494 445 3485 9570
2 6 9508 11428 584 506 11467 9457
1 4 3152 567 83 3174
2 5 3569 569 11556 9429 11542
2 3 11483 575 6446
2 8 10253 4254 1247 12235 11591 642 475 10262
1 7 11658 9697 768 781 6482 11733 528
2 5 9833 6895 3879 849 11905
1 8 3981 3904 9899 861 9841 11850 6947 3932
1 7 1827 10588 868 7684 1756 4668 4865
3 5 7183 1178 875 3871 6896
1 9 4140 9843 6969 881 11801 6937 6988 10499 12348
1 13 4140 9843 11822 900 3830 9905 3814 6898 934 3934 9788 6951 987
2 6 11834 911 3928 9909 11891 770
1 8 4172 7217 10128 12007 1117 11930 4067 7169
1 5 10074 3857 1156 4159 9990
2 10 4075 4119 1157 7093 10004 1018 4023 7135 4160 1070
2 5 1120 1162 1202 1047 4189
2 7 3988 1109 976 1205 976 3864 3973
2 3 4361 1342 10279
1 14 10263 1589 10464 12330 1561 12358 1098 4307 4262 1289 10169 7311 10197 10153
1 10 12364 10402 12394 12409 1639 1596 12998 10935 11021 8215
1 9 1492 12404 12449 1650 10344 10283 10154 1330 10267
2 6 10528 7835 10658 4705 1672 7786
2 5 7315 12214 10327 1690 12124
1 5 4860 1736 10602 7845 9616
1 9 10589 1745 6211 12549 4006 1819 13062 5264 13063
1 4 3010 6754 1763 7858
1 6 10674 1783 7850 4770 7702 4682
2 8 10701 1878 1805 4881 10598 1772 1807 7754
2 5 10616 4532 1884 7606 12282
2 8 10833 8094 1905 1964 12840 5065 12991 10928
1 3 1976 2006 1933
1 5 12865 10728 2075 1988 13087
1 3 5107 2132 2228
1 4 12306 2199 12920 5121
1 10 6106 11159 9118 3033 9118 2994 9078 9176 6052 3187
1 6 11109 117 3072 11068 149 3151
1 16 3122 11065 3172 9156 11132 132 9106 3125 9106 9233 11079 11024 7 3185 3068 9061
1 7 567 83 3174 11291 9317 9240 9340
1 8 9340 6222 3525 6322 3296 3319 9262 6314
4 15 372 6338 11356 9373 6253 3224 9325 6327 3303 11277 297 11324 6391 9286 9258
3 9 3335 6252 11284 6365 246 382 3308 11347 6262
2 12 3335 6252 11284 11235 11369 274 3327 9302 3358 344 9256 6245
2 3 9508 3482 6416
1 3 3668 3682 3672
1 5 11800 6705 3687 6707 11654
2 12 885 903 9872 3920 3918 920 3725 11843 729 11692 6955 758
1 6 12663 12603 3769 10552 10593 4860
2 5 3924 3974 984 6611 3601
1 8 7137 7650 4134 4628 10459 1625 1653 12282
1 5 7045 12054 4168 6943 788
1 8 10102 12045 7055 4181 7200 12055 11973 1161
1 3 7302 4286 12159
2 6 10278 7436 4420 10808 4315 12275
1 5 4425 8063 1197 4318 12789
2 7 12268 10322 1274 1313 4320 4361 1342
1 9 12279 4228 1311 1340 4373 1224 4269 1293 12188
1 16 12189 7266 3963 12136 1343 9733 4404 9733 7249 4841 7868 1742 1755 1820 1322 12446
2 7 7661 1536 12434 4473 10454 4825 1896
2 7 12333 8099 10357 4482 7560 4958 4893
1 7 12264 10438 10425 12360 4511 7516 1464
1 4 4516 4544 12452 1444
1 4 11760 11776 4601 1445
1 9 3913 4642 9831 11836 3877 12478 10429 10363 12348
1 8 10682 4836 12377 7533 4453 4658 7649 1570
2 9 12655 4687 7707 7805 10631 10628 10688 12531 10557
2 7 12536 4789 12631 10580 10649 4690 10646
2 8 1709 4700 12580 10529 12542 12672 1784 12517
2 11 4333 12152 1287 10235 4661 12594 4867 12594 11410 1794 4803
1 5 10492 12384 5090 10909 7791
1 8 12306 12982 11005 8176 13305 12952 5173 5201
1 6 4925 10132 2045 5193 7397 12797
1 3 12933 5220 12853
1 7 9161 9075 6046 6104 3159 13270 11064
1 5 9100 9206 6186 11056 165
2 11 121 11205 231 11039 9144 9046 3323 6245 9256 344 3358
1 4 3320 327 6296 6360
3 8 6554 6530 502 3466 6474 6493 9430 9417
2 7 520 11474 3529 6527 9474 6503 6490
1 12 1866 6827 12550 1734 6767 7899 4775 10718 1782 4869 7366 9467
1 4 11782 6882 3878 859
2 7 6914 3858 6993 11870 9933 813 6878
2 18 1149 4194 7066 12009 4176 7194 7136 13073 4057 1198 4200 7063 12079 1186 13078 7206 4060 7079
3 6 12051 7081 1160 4163 9994 11969
1 7 4872 4426 9615 6728 7185 5239 2947
2 5 1821 12567 7228 11307 278
1 9 12232 4401 1396 1423 7303 12133 4223 10317 7376
2 9 1622 12490 12420 10401 1510 7497 12307 12035 1444
1 7 12485 4506 1645 7526 10433 12412 10503
2 12 12386 7585 1546 4509 7542 4509 10369 7529 12371 10423 12400 12428
1 9 3427 10451 7631 10424 12403 7545 12403 7158 10480
1 5 1453 7552 7524 4464 7668
1 14 12910 7567 5225 8186 10927 5183 5197 12948 2191 12976 12990 11011 5175 8228
2 4 10671 7639 1573 9605
2 9 10239 1375 1879 10630 7708 1797 10546 1794 4803
2 4 7768 4715 7738 12517
2 12 12189 4805 12261 4246 7616 4829 7754 1807 1772 10598 4881 1805
2 5 10646 1676 7804 7843 4751
1 16 1652 4630 1540 1511 12323 4645 10971 5125 8152 2201 10958 10937 12311 12326 1431 7669
1 3 650 8222 12984
1 14 1652 8228 5175 11011 12990 12976 2191 12948 5197 5183 10927 8186 5225 7567
1 7 10682 10455 5134 2114 8249 12918 12910
1 11 3187 3030 9061 3068 3185 7 11024 11079 9233 9106 3125
3 7 8007 9084 10066 10772 2002 12868 2086
1 13 9151 9035 3108 9154 6129 113 3191 202 9068 10 133 3136 6160
1 8 6115 11078 9157 11028 9227 11206 9139 3022
1 10 3022 6118 3096 9216 11100 9127 3180 3188 3114 122
4 13 11523 3578 6450 11308 11335 11393 9258 9286 6391 11324 297 11277 3303
4 9 301 3290 11330 11268 9330 3356 9273 9394 9367
2 9 6233 6344 9288 546 9506 6508 9477 522 3520
2 6 6103 507 9458 6489 6351 3369
2 6 11542 9569 9541 543 6723 704
2 7 12333 8099 10414 7924 9605 1573 7639
1 6 6710 6769 9684 695 11637 870
1 6 3951 3983 9878 3876 11860 940
2 5 11899 953 9894 11816 3924
1 6 10102 4071 1154 9971 1029 4082
1 5 4140 11761 10068 4137 11944
2 5 3513 12211 10183 10271 7386
1 9 7387 7371 1335 4338 7358 10240 7358 12243 7415
1 4 1976 10257 4167 2091
1 7 9450 12368 6737 10339 10393 7539 7458
2 8 12333 10510 10359 12359 7602 10385 10768 4580
1 6 4533 10405 1529 1542 7594 10447
1 8 12357 9657 926 1760 10526 3699 1719 1866
2 8 4797 1762 4837 10528 7835 10658 4705 1672
2 10 12655 1780 10576 7750 12514 10533 1726 12672 1784 12517
1 6 4723 10640 12561 12633 4668 4865
2 7 4925 1395 12819 2067 10726 4937 7965
1 10 11109 71 6035 6095 70 11059 11153 6057 3084 6106
1 17 9151 205 130 9088 182 118 9093 3100 3062 11190 148 3054 11155 3095 11060 6130 91
2 9 121 9122 11099 2 11107 9131 9199 3157 72
1 7 9209 6164 9054 11114 9138 179 6160
2 7 9392 9383 6300 3150 11136 11207 9161
1 7 9151 11040 11147 3045 9117 9193 11197
1 6 6115 3171 11151 171 6310 383
1 9 6050 11163 35 3106 11197 9193 9117 3045 11147
4 13 301 3290 11330 11268 11379 11248 11314 3275 3339 6362 9360 6299 11375
3 11 11523 3578 6450 11308 11335 11393 11269 3317 286 3276 6302
1 7 3392 11247 11301 11274 11385 524 3544
3 12 6554 6530 11461 486 472 3399 11405 11422 9419 11561 574 11683
3 11 9417 11434 11450 11459 3519 3540 6591 6494 510 3527 413
1 9 525 3543 550 11514 6593 9493 9554 6579 560
3 8 9716 6747 11672 3728 9685 6731 9672 6714
2 14 520 6516 6486 9455 11579 9735 11706 9753 11736 3622 11578 615 464 3618
1 8 6845 6869 11785 9804 847 3850 880 11800
1 5 9784 11837 9856 10027 12098
1 6 10492 7612 10437 11975 1547 10029
1 4 2105 11995 4953 4410
2 7 1145 11939 7166 4046 7065 12051 7081
1 6 7121 4056 12060 1054 12085 10110
1 10 8073 1923 12883 2033 8092 2095 1033 12101 11976 4017
1 8 4241 1407 1379 12188 1293 4269 1224 4373
1 9 10236 12236 10306 1372 12279 4228 1311 1340 4373
1 4 10362 12336 10347 7638
2 9 5135 12428 12400 10423 12371 7529 10369 4509 7542
2 6 1709 7800 4780 12521 4209 1387
2 8 1323 12571 10548 1799 13202 13203 10707 4848
1 6 10674 7850 12601 10619 7795 7711
1 6 4801 12686 4729 12669 10689 4783
1 5 4872 12688 3721 12593 12663
2 12 12536 4789 4793 7886 10712 10639 12691 12621 1876 7841 4750 1803
2 8 2046 7989 12725 10902 4910 7156 1064 12071
2 3 12843 12785 10862
1 10 12997 12983 2212 13316 13279 13278 13324 13318 13319 13320
1 6 13349 13350 13343 13083 8213 13289
1 8 72 6075 6034 11103 3160 60 9082 6106
1 5 72 9187 6051 140 3092
1 16 91 11050 3058 3082 6107 9191 11169 9128 11104 9064 6092 9116 9140 6117 11183 3134
1 8 91 11050 3058 11130 11115 3055 124 11164
1 4 99 3155 154 6177
2 3 121 3220 3190
1 3 158 11081 11164
2 5 180 3075 3065 9130 72
1 5 180 6105 9099 154 6177
1 4 223 11290 11220 11241
1 6 223 306 3247 3313 354 11234
4 5 301 9348 6290 6396 6262
3 5 301 9278 6356 252 121
4 7 301 9278 6356 3240 346 3116 3190
1 6 310 341 222 319 415 11202
1 7 310 6459 3219 6326 6249 9323 11241
1 2 321 9388
1 3 321 293 3258
1 3 331 3293 3203
1 4 331 3350 3378 6233
2 4 351 11299 11378 9392
4 9 372 6338 11356 9373 6253 3224 9325 6327 11375
4 5 372 11339 11273 11319 6302
2 2 377 407
1 5 383 3307 6412 9362 6345
4 5 384 356 3318 6477 413
4 4 384 261 3292 6262
2 4 385 11303 3359 11293
2 3 385 11257 11371
2 2 389 9263
2 9 389 334 11260 9252 9387 6236 3473 9496 11505
2 4 389 3380 6402 6332
2 7 389 3380 3351 6347 9290 6567 3544
4 4 413 6317 6369 9367
4 6 457 6603 9518 6517 3409 6554
4 4 457 3580 11526 3520
2 2 485 11563
2 2 485 11420
1 3 495 6469 587
2 6 512 9507 6547 3549 9578 11563
2 5 512 6518 3506 3669 3652
2 4 512 3493 6688 11611
2 6 512 9507 6547 3534 3509 3495
2 4 512 9507 9523 11506
2 7 520 3487 3475 481 3413 6794 6765
1 5 525 504 11490 9481 476
1 5 525 3494 11438 458 3452
1 7 528 10151 4347 10305 12134 4736 4607
2 2 541 9692
2 5 541 3484 6576 11511 3569
2 4 564 11431 6535 495
1 3 564 6513 11402
1 7 564 11431 6535 11346 9363 11456 6496
1 3 572 513 3412
1 3 572 6557 6509
2 4 573 514 11481 3535
2 3 573 514 478
1 4 587 3444 6500 6496
2 3 589 6488 3397
2 5 589 6594 9557 11529 6540
2 2 589 3558
2 3 589 6568 3530
2 4 589 11560 11547 11531
2 6 589 6488 9486 529 6570 587
2 3 599 6626 11735
2 4 599 6626 628 11584
2 2 599 3631
2 5 599 11595 6673 11612 3673
2 3 620 6618 3771
2 3 620 625 629
2 5 620 3598 6792 11565 9737
2 5 620 3621 6651 3655 11611
2 3 629 655 6657
2 6 629 11869 651 6651 3655 11611
2 3 648 11794 6613
2 4 648 9625 667 11611
1 8 650 2179 10964 2158 11022 12978 13309 8216
1 6 650 5191 8194 5228 11000 5171
2 2 653 3673
2 3 657 11597 9783
2 5 662 11592 3649 6634 11583
2 6 662 11592 3649 614 3614 3617
2 3 662 11608 9606
1 11 663 11623 661 658 9600 3641 6635 776 3782 6780 770
2 4 684 6700 9621 3617
2 5 684 11646 679 646 9606
2 3 687 9635 657
1 3 689 11656 6710
1 2 689 870
1 10 704 11651 9665 3703 6708 688 3675 11634 11618 9633
3 4 730 3713 6751 6573
2 3 740 6756 743
2 2 740 11688
2 4 743 9710 6762 9737
2 4 743 11697 9884 9882
2 5 747 10063 7068 9979 7153
1 3 770 3772 6788
1 2 772 3653
2 2 792 1108
2 6 818 11588 6652 11657 11592 662
2 7 818 11588 6652 11657 630 6634 11583
1 2 819 955
1 6 819 9826 923 11846 9904 11751
1 3 819 9826 3923
1 3 859 3878 9847
2 2 863 3973
2 5 863 11786 9916 9805 10203
2 5 864 6935 4583 12320 12450
2 4 878 9862 9888 9902
2 2 878 11905
2 8 878 893 11813 9818 6857 6886 907 3882
2 7 878 893 11813 9818 6857 3526 11818
2 6 885 903 6936 9827 9846 3874
2 4 885 11852 3902 932
2 5 885 9870 3859 11766 6878
2 4 885 11854 13220 11688
2 4 886 3921 6888 921
1 8 901 2013 12316 1631 10815 4974 2057 5027
1 6 921 3807 3862 804 11747 11784
2 3 929 9717 9737
2 4 929 11699 9884 9882
2 4 931 3930 6948 3986
2 6 931 6902 9877 3969 938 845
2 4 932 3735 13233 740
2 3 932 9857 6878
2 6 932 9857 3931 11697 9884 9882
2 6 937 11858 9821 6889 11816 3924
1 4 940 11792 9901 11784
2 8 949 965 793 3796 9610 9612 649 9783
1 5 955 851 3968 10027 12098
1 4 964 6918 6851 1150
2 5 980 970 11805 3861 799
1 4 987 9781 11764 964
1 10 987 11771 846 9831 11836 3877 12478 10429 10363 12348
1 4 988 10883 2073 1950
1 3 1003 12040 7125
1 3 1025 7110 1158
1 5 1025 4027 10092 7046 7197
2 4 1055 11947 9944 4070
2 5 1055 11947 9944 1066 7054
1 4 1067 11960 7072 12031
1 2 1067 4172
2 3 1068 4143 10126
2 6 1068 7188 7030 10028 1151 12071
2 8 1068 10031 7144 11974 12044 10097 1206 12771
2 7 1070 4160 7135 4023 1018 11926 7137
1 4 1083 7035 9959 4619
1 3 1092 11946 4197
1 4 1092 7050 11985 1025
2 2 1093 10024
2 6 1093 9903 832 942 9757 6914
2 5 1120 12095 1047 7108 10062
2 9 1120 1162 4207 4165 9938 10093 10010 7071 11986
1 5 1120 11945 9942 4183 10057
2 4 1120 10080 12014 11918
2 3 1121 1076 4082
2 2 1121 1161
2 6 1128 7040 12020 10045 11923 7132
2 3 1128 4146 1145
2 7 1149 1189 12039 11957 7005 10026 11921
2 3 1149 4194 7209
2 3 1159 4245 10077
1 4 1161 11916 7094 7222
1 5 1170 12363 10920 1082 4588
1 5 1170 2061 7400 7909 4568
2 2 1179 7917
2 2 1179 3456
2 7 1179 8066 8098 10813 7903 10898 8007
2 9 1179 8066 8098 10813 4990 7975 1978 4998 12717
1 2 1182 9998
1 6 1182 993 7016 4118 1024 7169
1 3 1208 1304 1316
1 5 1208 12905 2222 2170 4335
2 4 1228 7428 7465 1622
2 3 1228 4237 10255
1 5 1308 1281 12201 1394 12286
1 2 1308 4388
1 2 1316 10282
1 4 1323 10273 1393 1408
1 4 1323 1737 4343 7677
1 4 1323 10644 1411 7858
2 6 1349 7119 4072 7177 7430 10030
2 6 1349 7013 4187 7150 11952 9975
2 6 1349 7119 4072 7177 10872 2105
1 4 1352 4757 10676 12586
1 4 1352 7834 1564 10370
1 2 1352 9802
1 2 1367 4925
1 6 1367 12767 7256 531 7911 1933
2 6 1373 12212 12343 12181 7327 7463
1 3 1373 12212 10225
1 4 1373 12212 12343 10382
2 4 1386 4434 7642 10135
2 4 1386 12249 7381 10279
2 8 1387 4824 4754 1880 7733 12700 7796 7768
2 6 1387 4209 1294 1694 7741 1418
1 3 1427 7367 7338
1 7 1440 4155 13084 4450 9377 7123 177
1 2 1445 6696
2 3 1468 8178 8245
1 6 1488 1253 4293 12127 1330 10267
1 4 1488 7675 7647 1607
1 5 1488 10371 4496 10456 10496
1 5 1488 7492 7312 4408 12125
1 6 1488 7492 7531 10356 1507 1464
1 3 1492 7562 1170
1 5 1492 10386 12492 12464 4588
1 3 1516 9986 2024
1 2 1516 12795
2 2 1521 12333
2 6 1521 7573 7602 10385 10768 4580
1 4 1570 4546 4517 5198
1 5 1570 4546 4530 7535 7564
1 3 1592 12460 4302
1 4 1592 1563 7426 10309
1 2 1594 4598
1 4 1595 7551 9810 870
1 4 1595 10448 1881 6696
1 3 1607 1566 1170
1 3 1618 1806 9802
2 5 1622 12490 4557 4883 10030
2 5 1622 12490 1579 9946 10428
2 5 1622 7465 7428 4237 10255
1 2 1678 7458
1 3 1678 9892 12586
2 6 1709 10696 12679 1733 1860 7825
2 4 1709 10568 12619 1418
1 8 1725 12614 12544 4777 10669 12695 7843 4751
1 3 1725 1728 10623
1 4 1725 12541 4786 4783
1 5 1747 10587 7760 1851 4741
1 3 1747 7745 4749
1 4 1747 7745 4794 4723
1 4 1752 4772 7862 12620
1 4 1752 3719 10618 6752
1 4 1752 1870 4790 4872
2 6 1754 7375 4372 390 1365 12244
2 2 1754 12527
2 7 1803 4808 1735 7828 7726 12608 10557
2 6 1803 7876 12523 4782 10544 12655
1 8 1814 4804 12617 7783 1713 7887 1565 4543
1 4 1814 12632 8204 2197
2 4 1821 307 12102 1387
2 5 1821 10133 12287 1233 9292
1 3 1827 7780 4723
2 3 1833 7576 1468
1 2 1866 6752
1 5 1866 4807 11971 12418 7458
2 4 1888 8009 10873 1963
2 6 1888 10890 10759 11249 10913 12863
2 6 1888 7990 12739 12895 2070 13082
2 2 1891 2056
1 5 1892 12461 1562 7517 11757
1 4 1892 13215 10783 3834
3 2 1896 4755
2 9 1896 12793 2071 10523 8125 1982 5067 8074 1963
2 6 1896 12861 1822 5014 3916 10106
2 6 1896 12793 4901 4609 4637 4580
2 6 1896 12793 2071 9816 12773 5050
2 2 1908 4984
2 4 1908 2054 7905 10807
2 2 1919 10671
2 7 1919 12430 10187 1459 10660 7706 12583
2 4 1919 12430 12581 10488
1 5 1944 12772 2052 7993 10747
1 2 1959 8055
1 3 1961 8029 1991
1 4 1961 10802 5042 8112
2 5 1963 2026 12756 1922 7953
2 4 1963 10828 12780 12863
2 4 1963 8031 4966 8117
2 5 1963 2026 12756 2065 5050
1 5 1965 8089 10773 12712 8236
1 4 1976 7301 12713 6932
1 5 1976 7301 5007 7208 1034
1 7 1976 7301 5092 12408 7019 10474 4009
1 7 1976 7301 5007 7208 1458 7659 3427
2 4 1984 13237 13250 12766
1 3 1984 13241 5097
1 3 1990 10371 1488
1 4 1990 4175 2061 1170
1 3 1990 10456 10496
1 2 1990 4568
1 4 1991 12807 12892 4987
1 6 1991 2093 10755 8037 4914 7940
2 3 2008 4956 5021
2 3 2008 5052 12746
2 2 2008 10172
2 3 2008 2011 7913
2 3 2008 2011 1965
3 5 2012 10829 12751 4927 12794
2 2 2012 8058
2 3 2012 12802 1909
1 2 2014 5033
1 2 2014 4435
1 4 2014 4900 8121 1991
1 4 2014 4900 12892 4987
1 3 2015 7790 8112
2 4 2016 4961 12826 2046
1 3 2022 556 1933
1 2 2022 12797
1 6 2022 6638 1985 8081 10854 1959
1 6 2022 1630 7511 8127 10724 8055
2 4 2023 12703 1937 8056
2 2 2023 10747
2 3 2023 12872 7936
1 4 2023 4969 10482 7630
1 3 2024 8016 7219
1 6 2024 7716 4128 12775 10071 988
1 3 2024 9986 12795
2 3 2025 12900 2050
3 3 2025 4938 5028
3 3 2025 1932 1891
2 2 2028 5100
1 7 2028 7971 1778 1781 7864 12541 1725
1 7 2028 7971 12820 1838 7732 12656 10674
1 3 2028 8102 4783
1 6 2029 4976 8030 10870 8060 12870
1 3 2029 13079 2103
1 4 2041 8005 12884 1961
1 4 2041 10821 1970 8112
2 5 2046 7989 10745 10844 12771
2 2 2050 12731
2 6 2050 12900 1992 4889 8109 5028
2 4 2050 12900 1932 1891
1 5 2077 4991 12867 2021 10889
1 3 2077 4991 1900
1 4 2077 4991 10842 12753
3 2 2086 4915
2 3 2086 2054 1908
2 7 2086 10794 9951 10021 7374 4386 4987
2 2 2089 8085
2 5 2089 12726 78 10774 5050
1 6 2091 5048 10144 7948 10757 12086
2 2 2094 7959
2 2 2094 1909
2 5 2105 10816 1949 2036 10807
1 6 2106 10986 10965 13311 11001 13308
1 3 2106 12922 2209
1 5 2106 10986 2208 5143 8216
1 9 2111 2142 11010 13284 13283 13335 13327 13329 13320
1 6 2111 2204 10956 2214 12999 12853
2 4 2115 12975 8207 5139
1 5 2152 12901 4587 2109 8181
1 3 2152 2194 11007
1 3 2152 2173 2106
1 3 2152 11023 12951
1 2 2152 2209
2 7 2220 8144 2176 10988 10845 8201 8182
2 2 2220 9962
2 5 2220 8144 5180 12911 8205
1 2 2228 12933
1 5 3010 515 6726 9669 4739
1 3 3010 7766 2407
1 6 3121 6181 178 11031 11117 3134
1 8 3121 9123 197 3156 6179 9223 30 11164
1 5 3203 11453 9568 3543 525
1 4 3260 3325 13259 6364
1 2 3288 6314
1 3 3288 3337 6360
1 3 3314 391 3211
2 8 3335 3364 343 238 9566 6565 522 3520
2 8 3335 3390 398 371 11383 9396 9371 6233
2 3 3338 3075 180
1 5 3338 312 3168 9248 3092
2 3 3369 6378 377
2 4 3379 3329 276 385
1 4 3392 11528 6415 560
1 4 3392 11247 347 13206
1 3 3392 9544 402
2 7 3397 11445 13116 482 9497 9441 3535
2 3 3397 6549 564
2 5 3397 11445 9524 6513 11402
1 3 3412 6546 3392
1 3 3427 4960 1959
1 9 3427 10451 7631 10424 7048 4612 11752 1608 12348
2 3 3476 3536 11483
2 2 3476 11420
2 5 3476 6504 11606 3576 6446
2 7 3476 6504 11606 13081 9444 11407 6583
1 3 3495 503 11465
1 3 3513 4328 528
1 5 3513 12183 7865 12553 9616
2 10 3520 3455 9413 559 6495 6478 6451 11561 574 11683
2 8 3520 522 9477 6508 9506 3568 3507 3203
2 8 3520 11462 463 11425 9437 582 11557 525
2 7 3520 3455 9413 559 6495 3468 3452
1 3 3530 9517 11499
1 6 3530 6542 6712 11640 9638 9620
2 5 3530 6542 6712 11640 663
2 4 3535 6582 6487 9456
2 7 3535 9441 11404 9416 11544 11529 6540
2 6 3535 9441 9497 6524 3561 11402
1 3 3544 524 402
2 2 3558 3530
2 3 3558 11547 11531
2 3 3559 3458 6416
2 5 3559 11399 6580 536 11479
2 4 3559 3521 12562 3544
2 5 3559 6484 9452 11441 3412
2 4 3559 6484 11466 3392
2 3 3559 3521 402
1 5 3569 557 3718 6739 11666
1 7 3575 6597 434 11424 9465 504 525
2 4 3575 6597 409 3452
1 4 3606 7891 7830 2407
1 4 3617 6643 646 9606
2 3 3631 11612 3673
2 2 3652 648
2 6 3652 680 6531 3533 11732 13011
2 5 3652 3669 3506 11491 11506
2 7 3652 817 3650 6668 6666 11590 9620
1 3 3667 4534 12309
1 5 3667 11609 9632 654 772
1 4 3668 6689 666 3667
2 3 3671 11596 629
2 5 3671 669 9629 3655 11611
2 3 3671 9478 3495
1 6 3673 3674 668 671 11618 9633
1 2 3732 3712
2 8 3734 6768 9709 9726 11696 11678 731 6718
2 3 3734 3760 11668
2 4 3734 3752 765 11559
2 3 3738 11703 3575
2 2 3738 11670
2 4 3738 11703 11546 11683
2 3 3768 780 6613
2 4 3768 6609 778 9603
2 5 3768 764 9738 6780 770
2 3 3771 11718 752
1 7 3778 6630 3605 11567 9580 6797 3775
1 7 3778 3635 3661 9634 6676 6510 9467
1 7 3780 607 9600 658 661 11623 663
1 2 3780 6790
1 5 3780 969 11568 6631 9598
1 5 3780 776 3782 6780 770
1 4 3780 773 3776 603
2 3 3790 3866 980
1 3 3823 11738 788
1 9 3823 11841 10412 10439 7558 9779 12637 9727 1445
1 3 3823 873 3957
1 3 3844 10163 11818
2 4 3846 6933 3866 3790
2 2 3846 11851
2 8 3846 6986 844 11885 6996 9787 889 9817
1 2 3854 12989
2 7 3874 794 11756 9917 6866 9925 931
2 5 3874 794 3845 11820 3986
2 4 3874 6867 874 845
2 4 3882 907 935 949
2 5 3882 907 6886 3526 11818
1 3 3883 1972 6897
2 4 3890 7620 11759 4512
2 4 3890 9912 9823 7671
2 3 3890 3921 886
2 3 3890 6965 11797
1 5 3913 916 11808 11771 987
1 3 3923 6831 9838
1 2 3932 3913
1 5 3932 7663 11864 7591 10503
2 4 3954 3909 13222 9896
2 6 3954 790 11793 11819 899 9882
2 5 3954 790 13225 6836 6812
2 3 3956 982 937
2 5 3960 9829 5001 7485 12458
1 5 3960 2082 8025 5103 1618
1 3 3962 9859 6994
1 4 3967 6995 11881 11894
2 2 3973 3844
1 5 3981 3852 6922 959 6822
2 3 3988 7096 4178
2 4 3988 4109 7127 3401
2 2 4003 3456
2 6 4003 4110 7084 1971 10898 8007
2 5 4003 4110 1980 10847 4984
2 4 4003 1147 4064 9975
1 7 4017 4591 4562 4603 10901 2057 5027
1 4 4017 10089 7151 7170
1 4 4052 10065 11915 1003
1 7 4052 9790 912 9918 9795 11828 6963
1 7 4052 9790 912 11835 6981 9854 964
1 3 4070 1066 7054
1 3 4075 12048 1073
1 6 4075 10103 4529 12433 4613 10496
2 5 4076 4145 1071 11910 10061
1 3 4104 1059 1444
2 4 4111 1074 1065 7107
2 6 4111 4550 1056 7140 12473 7671
2 3 4111 4550 10087
2 6 4111 7184 12442 7513 2013 901
2 2 4111 792
2 5 4111 4550 1056 1088 12029
1 6 4111 4486 7001 4574 4591 4017
1 7 4111 7184 4440 8101 10901 2057 5027
2 3 4111 1074 7170
1 3 4140 1137 10480
1 5 4141 6999 7240 8026 1367
1 6 4141 6999 7240 8026 12274 2091
1 5 4141 10304 10822 10006 10335
1 4 4147 7122 997 10090
1 6 4147 10033 7163 12335 10486 4588
1 4 4172 10125 12097 7087
2 4 4180 7195 10048 12021
1 3 4197 7212 12031
1 4 4197 7212 4094 9965
2 4 4206 4088 4161 11979
2 4 4206 4088 7176 4017
1 4 4273 7293 10191 12162
3 2 4291 1273
3 4 4291 7250 10799 10259
2 4 4291 7250 10799 10756
2 7 4291 12105 4278 7395 1412 8100 8011
1 5 4302 12460 12447 7645 12167
2 5 4329 4289 7409 12931 5135
2 10 4333 7407 7335 1402 4595 4492 10506 12340 4686 10148
2 8 4333 7407 7335 1402 4595 12385 10603 12583
2 7 4333 7407 7335 1402 4595 12385 7711
1 3 4345 4417 10230
1 4 4345 9601 7291 12149
1 3 4345 4270 3778
1 4 4363 1577 1563 1592
1 3 4363 4596 12167
1 4 4363 1248 7229 10309
2 4 4412 7427 4424 12299
1 4 4412 12255 10227 7329
1 3 4425 1082 4588
1 3 4435 12892 4987
1 6 4435 8010 10349 1497 13208 10514
1 3 4445 3715 3712
1 4 4469 4174 1531 1034
1 4 4469 1203 1027 10480
2 5 4512 12416 1578 10882 901
1 5 4516 10361 10878 5310 4435
1 4 4516 1541 4459 4987
1 3 4543 10373 10334
1 3 4565 1615 7668
1 5 4565 10410 10355 4444 12489
1 2 4569 4449
1 4 4569 1621 1441 10370
1 5 4569 12346 7586 10477 12489
1 4 4570 12909 12903 10419
1 2 4570 10999
2 5 4616 10443 10389 12338 4435
1 4 4616 9993 7634 10514
1 5 4619 4631 9999 7097 13143
1 4 4619 7167 9934 4009
1 3 4652 1648 12488
1 3 4682 5016 8112
1 8 4682 5016 8042 10911 1943 10315 10865 7940
1 9 4723 4794 10711 1815 12651 10672 10602 7845 9616
2 3 4726 4798 10701
2 3 4726 7817 10589
1 8 4739 736 12682 3800 4695 7901 13075 2407
1 6 4741 1851 7760 4610 4794 4723
1 4 4749 4760 7780 1827
1 2 4749 4723
1 5 4751 4823 12737 10691 10674
2 3 4755 7604 864
2 7 4755 7604 1463 12476 7530 12387 4512
2 3 4755 6997 12450
2 5 4797 12540 4815 7769 1803
2 8 4797 12540 10661 1810 7703 12625 7731 10646
2 4 4797 1762 7717 12605
2 4 4797 1762 7676 10623
1 5 4801 7752 7749 10575 10647
1 2 4801 12605
2 5 4803 1779 10531 10713 4751
2 9 4803 1779 10531 10713 7693 12590 12737 10691 10674
1 3 4848 7869 3606
1 2 4860 4741
1 7 4860 11712 1857 7718 10684 515 3010
2 4 4879 7605 12940 8214
2 2 4879 10978
2 2 4879 10957
1 3 4879 2229 5154
3 4 4893 10476 7448 7584
3 2 4893 8053
2 3 4897 3181 7919
2 5 4897 4978 1473 5060 8052
1 5 4908 4977 1945 8057 10895
1 3 4908 4977 7935
2 2 4915 10807
2 5 4915 5086 12137 5055 7938
1 10 4925 10132 1257 10787 10817 8104 10856 8059 5080 5033
1 7 4925 10132 1257 10787 10817 1882 4964
3 3 4948 7972 4989
3 4 4948 12710 8015 2012
2 2 4948 5034
1 3 4982 5214 13340
2 4 4984 12886 1103 9975
2 4 4989 12834 2100 2012
1 7 4993 5049 12740 8118 5081 12727 12870
2 2 4993 7960
1 5 4993 5049 2018 2059 2103
1 2 4997 7963
1 3 5010 13239 5097
1 8 5010 13239 13249 12714 13253 4995 2063 10928
1 3 5010 8036 10775
1 2 5010 10734
2 2 5021 7913
1 3 5021 8079 10732
1 4 5026 2007 13291 13289
1 6 5026 10792 5083 13344 13348 13349
1 2 5027 4968
2 2 5028 4997
2 5 5028 8109 4889 7978 6039
2 3 5028 8109 7963
2 2 5029 1521
2 2 5029 1888
2 3 5029 2000 4893
1 3 5033 5080 4964
2 3 5036 8244 5139
1 2 5036 6039
2 2 5046 7203
2 3 5046 8111 8038
1 3 5074 12821 2029
1 5 5074 1973 10840 1920 8073
2 4 5100 12327 12732 2022
1 3 5100 2053 10750
2 3 5101 1975 2056
1 4 5107 13273 2175 10933
1 5 5107 8179 7561 10989 2227
2 3 5117 12925 10968
2 4 5117 12945 10025 12981
2 6 5117 12945 12896 4128 7716 2024
2 2 5128 10993
2 2 5135 7614
2 3 5160 10860 5196
2 3 5160 12929 12989
1 2 5164 2123
1 4 5168 10939 10998 8143
1 2 5168 2227
2 3 5196 5210 8183
2 3 5196 6020 10976
1 4 5198 7610 1557 8230
1 4 5199 12677 1968 12795
1 3 5230 13195 10952
1 4 5230 8157 8240 10924
1 3 5230 8157 12930
1 5 5230 13195 13286 13287 13288
1 4 5230 8225 10940 5166
1 6 5230 8225 10996 10982 2142 2111
2 3 5231 12648 10400
2 3 5231 10697 12419
2 3 5231 4584 1833
2 5 5231 12648 12064 1494 1468
2 4 6039 9137 11194 7963
1 5 6050 11163 35 9185 9209
1 3 6050 161 11082
1 14 6106 11159 9118 6094 11092 155 11175 6021 170 11045 86 3008 9162 3121
1 3 6115 11078 6160
1 5 6165 6125 9147 11125 11164
1 2 6235 6364
1 2 6258 408
1 3 6287 6393 3260
1 3 6313 3396 9303
1 4 6314 9731 3337 6360
2 2 6318 6384
2 3 6318 9379 9269
2 3 6318 11345 9297
1 3 6332 11265 3288
1 6 6332 11245 6375 9290 6567 3544
1 5 6336 6286 9363 11456 6496
1 2 6336 3314
1 2 6345 9279
1 2 6345 6287
1 3 6354 11271 6233
1 8 6354 3331 9241 6220 9341 406 11391 3320
1 2 6354 223
1 7 6354 3331 9241 6220 358 233 310
1 3 6354 11220 11241
2 6 6377 3395 3234 309 336 11360
2 4 6377 3395 3355 564
2 3 6377 526 11402
1 4 6377 6263 6325 9347
1 9 6377 3395 3234 247 11233 11346 9363 11456 6496
2 7 6384 6335 6399 11332 11218 9314 9392
2 6 6384 3205 9364 311 253 377
1 2 6389 11331
1 5 6389 317 11251 3325 3260
1 5 6389 317 11251 3277 6364
1 5 6390 6282 349 3340 9388
1 4 6496 3262 9498 3211
1 3 6509 3457 476
2 8 6521 375 11219 9238 9264 6298 6325 9347
2 4 6521 375 11219 9294
2 3 6521 11444 3258
2 5 6522 466 6604 6586 6573
2 4 6522 11507 9521 3559
2 4 6522 9494 9468 11479
2 6 6540 11529 9557 6581 6568 3530
1 2 6540 11499
3 6 6554 6530 502 3466 6776 6420
2 5 6554 418 11397 501 3520
2 5 6573 9537 6561 11679 541
2 7 6573 6586 11691 11536 6431 6483 11479
2 3 6583 9575 11531
2 4 6583 3488 9522 587
1 6 6583 11407 6537 11562 6500 6496
2 5 6592 7857 11497 3541 9515
2 8 6592 9555 424 586 9416 11544 11529 6540
2 5 6613 9590 6639 11573 9603
2 6 6613 9590 6639 6666 11590 9620
2 4 6657 9597 11565 9737
2 4 6657 11600 11616 11465
2 5 6685 11610 3627 6647 11577
3 4 6685 3670 9611 11581
2 7 6685 3670 6672 665 596 9596 3631
3 6 6685 11610 9643 9608 619 3617
3 5 6685 3670 6672 9646 653
1 6 6696 10727 4402 10586 4540 4449
3 3 6703 682 6685
3 2 6703 9660
3 4 6703 9676 11679 541
3 4 6703 9676 3716 9692
3 5 6703 9676 6720 3700 11666
2 2 6704 3686
1 7 6710 9724 9711 11725 774 3763 3775
2 2 6711 6714
2 8 6714 11676 9704 6571 3548 11691 6586 6573
2 4 6714 3694 676 11639
2 7 6714 9672 9670 9668 690 11619 3663
2 8 6714 11676 9704 3743 11550 11411 6483 11479
2 4 6718 6733 9647 3672
2 5 6718 685 6674 654 772
2 3 6727 3701 687
1 3 6732 3906 905
1 5 6732 715 718 9675 4445
1 2 6732 3712
1 5 6732 3710 908 9850 9847
1 3 6732 3906 11830
1 6 6752 10618 12597 11667 1873 4872
2 6 6765 9722 11694 9707 731 6718
2 8 6765 9739 3746 745 728 712 11632 3672
1 3 6790 3773 6788
1 4 6793 782 9924 967
1 5 6822 898 6944 11879 957
1 3 6845 3824 6984
1 2 6845 11782
1 6 6876 4518 9911 9855 9814 11757
1 4 6876 6694 1601 4607
2 3 6878 3816 3954
2 5 6896 950 4095 1176 747
1 5 6897 7821 1740 10662 4865
1 3 6897 7747 3834
2 4 6914 3938 896 3986
2 5 6914 13224 13229 9778 6896
1 3 6932 1575 1034
1 4 6938 9844 11747 11784
1 2 6938 3967
1 3 6946 1616 6985
1 2 6946 9907
1 4 6946 6973 3976 6790
1 3 6946 6973 6788
1 5 6963 11781 11850 6947 3932
1 4 6963 906 852 3981
1 6 6984 6929 6823 9923 801 6850
1 5 6984 6929 951 873 3823
1 3 6984 9758 9786
1 2 6984 3957
1 3 6985 6606 6793
1 3 6985 11889 9907
1 4 6985 6606 9752 6790
3 4 7011 10073 7164 4076
3 3 7011 4055 1068
2 2 7011 4073
1 4 7045 12054 1132 1019
1 5 7054 4185 1153 7035 1083
1 4 7079 9989 11967 10061
1 3 7087 7157 9998
2 2 7107 4206
2 4 7107 1065 11919 792
2 2 7107 7170
1 4 7109 10022 11996 11944
1 5 7125 9981 848 6928 3981
1 6 7125 7221 7204 7175 4126 10110
1 6 7125 10036 7021 12011 11912 7121
1 5 7126 9937 4079 11916 1161
1 4 7126 7540 7568 7459
2 2 7132 4150
1 5 7137 7650 1597 7095 10404
1 7 7137 7650 1597 7168 7128 12378 11918
1 4 7137 1469 12065 1073
1 4 7169 12056 3848 6994
3 2 7183 1048
3 6 7183 4080 9815 12070 9765 3790
2 4 7183 7098 6954 931
2 3 7183 10094 7153
2 8 7203 4022 1989 7908 4933 4154 1111 12100
2 9 7203 4022 1989 7908 4933 7958 7116 3991 4150
2 4 7203 1102 11943 7069
1 4 7214 11959 12027 1175
1 2 7219 988
1 3 7219 8048 1950
1 3 7222 10017 1083
2 2 7315 7386
2 4 7315 10157 4428 1408
1 7 7338 12173 10411 7572 7353 7492 1488
1 3 7338 4566 12125
1 4 7361 7644 7304 1424
1 2 7376 7432
1 4 7376 4639 1324 4302
1 7 7387 10285 4396 12283 4216 12905 1208
1 4 7387 7371 12171 10212
1 3 7394 11267 6313
2 8 7446 10346 1383 10776 10413 7400 2061 1170
2 7 7446 10346 1383 10776 12433 4613 10496
2 5 7446 10346 1383 10776 4568
1 7 7458 1586 10516 10391 10717 1564 10370
1 6 7459 7568 10434 4158 4203 1083
1 5 7459 7580 10462 7167 4619
1 2 7459 4009
1 2 7462 3732
1 7 7462 12459 1338 1619 4342 4285 1424
1 4 7463 12302 7673 4652
1 5 7480 10520 10352 10380 10407
1 2 7480 7668
2 5 7521 7577 1474 9939 4141
2 3 7521 10039 10404
2 3 7521 7577 10335
1 2 7557 1574
1 5 7566 12382 1557 7610 5198
2 3 7584 10852 10737
2 4 7584 12239 12722 10671
1 4 7588 3975 801 6850
1 4 7588 7646 10343 3823
1 5 7588 6971 7547 4452 1445
1 2 7617 7630
1 5 7638 4604 4575 1585 11007
1 4 7653 3992 4038 7054
1 3 7653 10501 10057
1 4 7653 10114 1036 4619
1 4 7658 10509 1648 4652
1 2 7658 12488
2 7 7661 1536 4614 4477 1610 1467 12450
2 6 7661 7495 4458 7624 4463 3668
2 8 7661 1536 4614 4477 1610 11674 4605 12309
2 4 7671 12473 806 11746
2 4 7671 3942 2013 901
2 3 7671 12473 12029
1 7 7677 12578 7820 1854 1857 11712 4860
1 4 7677 12578 1832 12124
1 3 7712 10579 6177
1 9 7768 1664 1684 4669 13076 6040 11119 10723 7712
1 5 7786 12665 10708 10578 10647
1 6 7791 7643 10495 10096 12445 7045
1 8 7791 913 9779 7558 10439 10412 11841 3823
2 5 7825 1790 7861 7655 10617
1 6 7827 10591 7879 850 12765 6897
1 4 7827 10591 10651 4865
1 9 7827 10591 7879 4799 4657 10387 10483 9814 11757
1 7 7827 1862 10625 10305 4347 10151 528
1 4 7827 1862 12607 9616
1 3 7827 4736 4607
2 3 7844 1748 4726
1 4 7858 4678 7891 3606
1 2 7858 2407
1 2 7892 1352
1 6 7892 12024 4814 12570 12642 1827
2 5 7912 13244 10859 2096 7996
2 5 7912 12856 4954 2040 1984
2 3 7912 12856 5010
2 4 7912 8019 11145 5160
2 4 7912 12856 13242 5097
2 7 7912 8019 2066 12927 10761 6020 5196
2 3 7912 13246 10775
1 2 7912 10734
1 2 7913 10732
1 2 7913 1965
2 3 7917 12774 13082
2 3 7919 1960 8052
2 5 7919 1883 13211 8078 12830
2 7 7919 3181 9152 1993 11194 9137 6039
2 4 7919 3181 9152 7963
1 2 7921 10895
1 5 7921 4946 10871 10916 10830
1 4 7934 10748 8004 12870
1 3 7934 12758 5027
1 3 7934 10892 4968
1 6 7935 13214 5071 7920 4796 6897
1 3 7936 10846 12798
1 3 7936 2079 5026
1 2 7938 4410
1 7 7938 5055 12777 4299 1983 4386 4987
2 2 7953 2089
2 3 7953 5089 10797
2 3 7953 10774 5050
2 3 7959 5039 1909
2 2 7965 12789
2 2 7968 10912
2 3 7982 2039 13082
1 3 7995 12813 12870
1 2 7995 12702
1 3 7995 5024 10791
2 4 7996 10908 4033 8052
2 5 7996 10877 12744 10851 2016
2 4 7996 2096 11145 5160
2 7 7996 10908 4033 10857 5084 11108 12830
2 5 7996 2096 8223 12929 12989
2 2 8006 7959
2 2 8006 10762
3 4 8007 10139 8106 10173
2 5 8007 10898 12792 12718 4984
2 4 8011 12146 4344 10190
2 3 8034 12900 2050
2 5 8038 5012 10875 7992 5034
2 3 8052 10827 2016
2 5 8052 1960 5084 11108 12830
2 6 8053 2078 4949 8013 5043 7917
2 6 8053 2017 1948 12895 2070 13082
1 4 8055 7803 10899 4783
2 2 8056 1944
2 3 8058 5077 5034
1 5 8073 1923 12883 2033 7934
1 3 8085 1955 12702
2 3 8087 5104 10259
2 5 8087 11950 5019 12781 10030
2 2 8113 7968
2 6 8113 4942 5000 2052 12772 1944
2 5 8113 4942 5000 7993 10747
2 4 8113 4942 4892 5026
2 2 8117 10797
1 2 8122 10803
1 4 8124 7980 13239 5010
1 3 8124 5041 5097
2 4 8138 8202 8136 10957
1 2 8138 12985
1 6 8143 1524 10345 8227 5153 2228
1 6 8143 1524 10345 2164 8179 5107
1 3 8148 7589 4570
1 3 8148 7476 12923
1 5 8148 2185 12479 10360 10513
1 8 8181 5156 12466 5110 7581 1598 4589 10447
1 4 8181 7553 10947 10513
1 4 8181 5156 12466 11007
1 2 8181 4533
1 5 8181 2109 4587 8224 12951
1 3 8182 8201 10972
1 6 8182 8201 10845 10988 1846 10594
2 2 8182 8205
1 2 8182 2196
2 2 8183 8205
1 2 8183 2196
1 3 8183 5210 10976
2 3 8193 12975 2115
2 5 8193 12775 4128 7716 2024
2 5 8193 3109 6008 11012 12830
2 4 8193 3109 2080 5036
1 3 8193 10071 988
1 2 8205 2196
2 5 8214 10525 2151 7842 10929
2 5 8214 12963 1580 7872 5199
1 4 8215 12970 5152 12942
1 3 8215 10992 650
1 4 8215 11021 2149 12306
1 4 8215 10992 8229 12984
1 7 8215 10964 2158 11022 12978 13309 8216
1 3 8216 8195 5171
1 6 8217 13303 5131 13086 13287 13288
1 3 8217 13301 12994
1 2 8236 12753
2 4 8245 5177 7842 10929
2 3 8245 5177 12935
1 2 8435 6864
1 3 9097 6174 3151
1 6 9097 11186 3120 9120 9408 11202
1 5 9100 11162 3050 6150 3187
1 3 9100 3060 3151
1 6 9126 3132 3034 192 3145 91
1 12 9151 205 130 9088 182 3113 11067 9220 9143 6083 9108 6165
1 6 9209 6311 6397 13265 9406 9329
1 4 9213 7330 108 99
1 12 9213 9124 6110 11192 3186 196 23 9200 3135 6077 97 3190
2 4 9213 3081 87 180
1 7 9213 6193 3166 9113 6091 9202 72
2 5 9250 3353 9322 296 11253
1 7 9263 11343 11372 9361 9334 6309 6390
2 4 9269 11317 11270 351
2 2 9269 9250
3 5 9271 11377 11225 9299 6302
3 7 9271 11256 3385 1350 12242 12270 12298
3 9 9292 12157 7401 10256 4215 4261 1406 1210 12298
2 10 9292 10213 12229 7429 10168 10140 12198 12227 4394 10253
1 3 9294 11276 321
1 7 9296 3049 137 3192 65 6145 122
2 4 9297 11279 364 9250
2 3 9297 7239 3369
2 4 9297 7239 3241 377
2 5 9297 6270 6221 9239 6103
1 3 9303 9255 11371
1 2 9329 242
1 4 9329 6406 6331 383
1 4 9340 10323 7482 310
1 4 9347 6325 6349 374
1 3 9347 6257 6389
1 4 9347 6325 6298 9294
1 3 9388 3340 3258
2 4 9417 11403 3464 6490
2 2 9417 11559
2 6 9434 6599 11535 539 3523 3495
2 5 9434 6599 11535 3579 9550
2 7 9434 6599 11535 539 527 9495 11465
1 4 9450 12368 7611 12497
1 2 9450 12357
1 4 9450 6713 9653 870
2 3 9456 3499 6521
1 4 9456 3522 9375 11402
1 7 9456 3522 9238 9264 6298 6325 9347
2 5 9457 6464 13205 9412 11398
2 6 9457 6464 13205 9427 11430 6416
2 4 9457 3414 6562 3569
1 11 9467 7366 4869 1782 10718 4775 7899 1769 4875 4426 4872
2 6 9503 549 3629 11502 9559 6583
2 3 9503 549 3558
2 3 9503 6542 3530
2 3 9503 549 11531
2 5 9503 6529 678 6683 9620
2 6 9508 548 3230 3295 3324 389
2 3 9508 9400 3544
2 5 9508 493 9439 9532 3460
2 6 9515 9681 3703 9665 11651 704
1 4 9550 527 9495 11465
2 3 9570 6512 9457
2 5 9570 552 6595 9535 573
2 6 9570 552 6595 3572 11415 478
2 3 9570 3510 3460
2 4 9588 9591 11574 11577
2 4 9588 6619 3596 11581
1 2 9598 603
1 4 9603 6666 11590 9620
2 5 9603 778 611 6780 770
2 3 9617 3636 818
2 2 9617 3663
2 4 9617 11603 6677 657
2 5 9617 6658 9612 649 9783
1 3 9620 11604 663
1 8 9620 9618 636 6635 776 3782 6780 770
1 5 9633 6678 6680 11623 663
1 6 9633 11618 11615 656 11598 9598
3 4 9640 6697 11644 730
3 5 9640 6697 3696 3709 6714
3 9 9640 6697 3696 713 746 3548 11691 6586 6573
2 4 9640 11622 676 11639
2 2 9640 662
2 4 9640 6682 646 9606
2 4 9642 6698 11642 11516
2 2 9642 3652
2 6 9642 9658 6531 3533 11732 13011
2 4 9642 3666 9622 9620
3 2 9660 684
3 5 9660 716 6716 699 730
3 4 9660 9690 11679 541
2 4 9692 9539 11511 3569
2 3 9692 6739 11666
1 6 9693 11722 10381 11662 7345 4345
1 5 9693 3806 718 715 6732
1 4 9693 3806 11665 4445
3 3 9716 6747 11655
2 8 9716 11534 6584 577 11550 11411 6483 11479
2 4 9716 723 3707 11686
2 6 9737 6777 9710 11697 9884 9882
2 2 9764 6812
1 5 9784 6843 883 11803 955
1 6 9784 6843 883 6939 3966 3923
2 3 9809 11858 937
2 3 9817 889 845
2 3 9817 6924 799
2 3 9833 922 9902
2 3 9833 11829 11811
1 2 9838 925
1 3 9847 6909 11830
2 4 9853 3946 6960 9898
2 6 9853 3946 6917 9723 3751 752
2 5 9853 6915 6931 3915 9882
2 4 9853 9824 854 9764
2 3 9875 9914 13255
2 7 9875 3448 13234 841 3980 966 3844
2 6 9882 3899 897 872 6836 6812
2 4 9890 6940 3939 3956
2 3 9890 9874 3882
2 4 9890 6940 3922 937
2 6 9890 9906 11887 11868 965 949
2 5 9896 6906 6856 11884 1093
2 5 9896 6817 3873 6966 6812
2 5 9898 6960 6962 11709 752
2 3 9902 9919 9783
2 3 9930 11774 11905
2 3 9930 3936 11818
2 3 9932 975 11894
2 4 9932 3714 11753 3653
2 5 9945 12087 4199 7215 12100
1 4 9958 1004 1603 6932
1 4 9958 1004 7508 7459
1 7 9958 4114 11933 1169 7092 4032 7109
2 6 9962 4171 10932 11017 10860 5160
1 2 9962 3854
2 5 9962 4171 10932 2206 5196
2 6 9962 4171 10932 2206 5224 8183
2 5 9962 4171 10932 12911 8205
1 3 9965 12028 7197
2 3 9975 7207 4090
2 5 9975 7165 8076 12080 2105
1 3 9991 1142 12090
2 3 9991 997 10090
2 3 10013 1194 10070
2 3 10013 10113 9945
2 5 10024 10109 4065 12038 747
1 2 10029 7202
1 5 10029 7012 10047 11927 1019
2 3 10030 4950 2105
1 4 10057 4183 9982 11918
1 3 10057 4156 13143
2 8 10070 7100 12042 1207 8046 1989 4022 7203
2 2 10070 7069
2 3 10077 1609 4616
2 4 10077 4204 7220 4104
2 3 10077 4204 1444
2 2 10087 1108
1 3 10087 1088 12029
1 7 10102 1069 10072 12069 7129 4114 9958
1 3 10102 12093 11944
2 5 10106 10811 7530 12387 4512
2 7 10106 3916 6826 4943 9816 12773 5050
2 3 10106 1938 901
2 2 10126 4073
1 3 10135 12293 1413
2 2 10148 10601
2 7 10148 10366 7507 10420 1532 4618 1614
2 3 10172 12804 7921
2 2 10173 12717
2 4 10173 4979 10905 2041
2 3 10190 7391 12275
1 3 10230 12202 7462
1 3 10230 7629 4445
1 4 10230 10481 733 3712
1 6 10236 10265 7323 10165 1415 12253
2 4 10239 10211 7298 1418
2 10 10239 4281 7326 7383 4277 10220 10275 10452 12329 10353
2 3 10239 4232 4333
2 6 10253 7370 12254 7322 6615 3618
2 10 10253 4394 12227 12198 10140 12143 12115 12285 1229 1418
2 2 10259 10756
2 5 10262 12474 7541 10395 1614
1 8 10267 1330 10154 10283 12284 3651 1014 4147
1 8 10267 1330 10154 10283 12284 3651 1014 12090
1 7 10267 1330 12127 1417 12256 4654 1607
1 6 10267 1330 12127 4336 1403 12125
2 2 10278 10149
2 5 10278 12180 7310 12779 10756
2 5 10278 7436 4420 10808 8011
1 6 10282 12955 8221 12280 10138 12110
1 2 10282 4335
1 4 10288 12290 1422 1410
2 8 10337 12410 4884 2042 6785 12369 10769 12835
2 6 10337 7628 12486 1528 1643 1453
2 4 10353 4636 10366 10148
2 6 10353 4578 7486 12471 1479 1614
1 4 10370 1534 2043 1618
1 3 10370 1534 9802
2 5 10400 2213 10668 1509 12419
2 4 10400 2171 1494 1468
2 4 10400 5106 10566 8245
2 3 10400 2213 8214
2 6 10400 5217 1688 2151 7842 10929
1 3 10404 4480 10335
1 4 10419 11002 8196 10999
1 3 10428 1538 4104
1 7 10428 10060 10116 12462 11978 10001 10255
1 3 10444 7532 3962
1 3 10447 4436 7638
1 4 10472 10403 3656 772
1 4 10472 10403 7454 3653
2 3 10479 1209 10135
2 4 10479 12472 7654 4273
1 4 10480 4208 7000 7109
2 5 10488 2058 4923 1766 2015
1 4 10492 12498 12325 10407
1 9 10492 638 9949 9967 7643 10495 10096 12445 7045
1 4 10496 10456 7103 4568
1 9 10503 12355 7670 10463 9623 12342 10215 10521 12189
1 4 10513 10432 5172 10980
1 7 10513 10947 11008 11003 10994 2181 12951
1 3 10514 1581 4588
1 6 10515 1449 10943 8187 8238 11007
1 5 10515 1449 2172 5213 2106
1 5 10515 12453 10502 12496 10362
1 3 10540 4744 13063
2 4 10589 7765 12611 10557
1 3 10594 1817 1516
1 4 10594 10930 5221 12950
1 4 10594 10930 5221 5199
1 5 10594 191 4515 1968 12795
2 5 10601 1459 10660 7706 12583
2 4 10616 8095 7577 7521
2 6 10616 10763 11972 12705 1395 4925
1 3 10642 4975 3883
1 6 10642 2102 1738 1809 12642 1827
1 5 10647 4873 4222 7648 12348
2 4 10671 4629 7682 10601
2 7 10671 4629 11687 1459 10660 7706 12583
1 9 10674 12656 7732 12524 4947 1698 12890 10834 7940
1 4 10682 12435 4864 12406
1 6 10682 10455 1667 7755 12576 7798
2 4 10701 12623 1714 12518
2 3 10701 10641 10589
2 5 10730 5066 8032 2051 12746
1 3 10730 10832 1965
1 3 10730 12712 8236
1 3 10732 12810 10889
1 3 10732 8089 1965
1 5 10732 12810 10773 12712 8236
2 3 10737 12831 12717
1 4 10740 8097 2037 10830
2 3 10740 12791 3883
1 3 10747 10790 7936
1 2 10747 5026
1 4 10750 12846 8018 4964
1 3 10750 12846 7940
2 6 10756 10296 4365 4321 7340 1228
2 4 10756 4414 8100 8011
2 4 10762 5070 5045 12794
2 4 10762 5070 5039 1909
2 2 10762 8122
1 2 10765 4908
1 5 10765 8012 7920 4796 6897
1 3 10765 8012 3834
1 4 10807 12137 5055 7938
1 2 10830 7935
1 5 10830 2037 8097 12791 3883
2 2 10831 8034
2 5 10831 7978 4889 8109 5028
2 2 10831 6039
2 3 10833 10777 8124
2 6 10833 5068 12714 13249 13239 5010
2 3 10836 13212 12843
2 3 10836 12851 12794
2 4 10836 7950 7954 5101
2 4 10836 7950 12707 2056
2 5 10836 8071 7983 5013 8122
3 5 10837 7969 4553 12793 1896
3 6 10837 12818 12704 12748 8009 1888
3 4 10837 12818 4983 1963
3 2 10837 4580
2 4 10862 12787 8096 10836
2 4 10876 2004 12726 2089
1 5 10876 10744 4974 2057 5027
1 3 10886 13085 2077
1 2 10886 12823
1 3 10886 13085 8017
1 2 10886 12753
1 2 10889 8236
1 3 10889 2021 1900
1 3 10889 2021 12753
1 4 10895 8057 1945 7935
1 3 10906 12828 4982
1 4 10906 4934 13276 4980
1 5 10912 10823 10736 7915 5026
1 5 10912 10823 1981 12716 4982
1 6 10912 10823 10879 13362 13361 13340
2 2 10919 2050
2 2 10919 12731
3 4 10919 12874 12817 1891
2 4 10919 12874 2001 10836
2 2 10919 12843
2 4 10919 12874 12762 2056
1 4 10924 2160 5179 12930
1 7 10924 2160 12979 10944 13311 11001 13308
1 5 10924 2160 12916 5200 12951
1 5 10924 2160 5165 10973 2209
1 3 10929 5155 12950
2 3 10929 2216 5199
1 2 10933 2227
1 3 10946 8197 10419
1 2 10946 8143
1 7 10946 8184 10926 5218 10984 5153 2228
1 9 10946 8184 10926 5218 8129 13275 12947 2150 12933
1 8 10946 8184 10926 5218 8129 13282 5208 12987
1 3 10952 2174 12930
1 3 10952 13303 8217
1 4 10952 13086 13287 13288
2 4 10957 8136 12921 12985
2 3 10968 8219 8248
2 2 10968 2115
1 6 10972 12908 12986 5221 10930 10594
1 3 10972 2217 2123
1 3 10972 12908 12950
2 2 10978 10957
1 5 10980 8190 12996 2153 10999
2 3 10993 8246 12956
1 4 11007 8238 12964 2106
1 7 11007 8238 8187 12440 1613 12496 10362
1 4 11105 6108 9194 3083
1 5 11109 9234 320 248 11234
1 9 11202 6324 3310 6242 11259 6326 6249 9323 11241
1 6 11202 6324 11392 9254 207 11234
1 3 11241 6293 11234
2 2 11253 221
2 2 11253 6103
1 2 11293 7377
1 4 11293 3342 9310 6313
1 5 11293 3342 303 3396 9303
1 3 11318 9335 6336
1 3 11331 11305 9294
1 2 11360 11318
4 3 11368 11214 384
4 4 11368 11337 11283 457
4 5 11368 9355 9384 6411 3335
1 4 11370 216 386 331
1 6 11370 11216 3759 11341 6280 560
4 8 11375 9389 6370 11134 9033 9159 6215 3190
2 5 11398 11413 442 6499 6522
2 5 11398 11554 11539 11522 541
2 7 11398 9412 9567 6590 6576 11511 3569
1 6 11402 9375 6218 6298 6325 9347
2 5 11420 454 3402 11549 13011
2 8 11420 454 3402 3447 13081 9444 11407 6583
2 4 11420 6585 9534 11506
2 4 11479 9558 9454 572
2 2 11483 6446
1 6 11499 3690 9655 6680 6678 9633
2 3 11505 9428 478
2 2 11505 6521
1 4 11505 3207 6282 6390
2 7 11505 9496 3473 444 3532 6558 3460
2 3 11516 1346 9503
2 4 11516 5291 9418 6583
3 11 11523 3578 3426 9460 6492 3465 9422 471 11296 11323 9367
3 7 11523 6539 3518 6506 6602 11484 520
2 12 11523 9432 6601 3490 9487 3467 6551 9538 11524 11469 11455 3618
2 12 11523 3578 578 6563 518 11485 579 6454 11501 9516 3489 6490
2 5 11531 9575 11470 3547 587
2 3 11542 6418 6592
2 4 11542 6440 469 573
2 2 11563 9434
2 3 11563 6569 11420
2 4 11563 6569 9534 11506
2 5 11577 6647 9595 624 11581
2 2 11577 3617
2 3 11581 3592 3601
2 4 11581 3654 9596 3631
2 4 11583 11586 9599 3956
2 4 11583 11586 3609 11577
2 4 11583 11586 3614 3617
2 7 11583 6634 630 9756 9771 965 949
2 6 11584 628 9613 6673 11612 3673
2 6 11584 628 3657 671 11618 9633
2 5 11584 9582 3776 773 3780
2 3 11584 9582 6793
1 5 11584 9582 11734 9752 6790
2 3 11584 3604 9598
2 3 11584 3604 603
2 7 11611 6688 11631 6533 11463 3509 3495
2 3 11613 9631 6657
2 3 11613 9478 3495
2 3 11613 9867 11465
2 5 11639 6709 6695 3639 818
2 4 11639 676 11622 662
1 7 11650 6717 11660 706 3894 3878 859
1 4 11650 6717 1436 9693
2 2 11653 9515
2 3 11653 3705 6540
2 4 11653 3705 708 11499
2 5 11653 692 11620 9636 9633
1 4 11654 749 3763 3775
2 3 11655 11619 3663
2 5 11655 9701 6706 3076 687
1 5 11658 9713 6699 6694 6876
1 2 11666 704
1 4 11666 9661 9648 653
2 5 11668 6741 9680 9677 6704
2 2 11670 6727
2 7 11683 3755 737 568 3722 705 3686
2 4 11686 9683 6743 6727
2 8 11686 11705 6600 414 3430 6429 3457 6509
2 5 11686 11705 6600 9423 476
2 2 11702 929
2 4 11702 755 11718 3771
2 6 11702 3948 9723 6917 3946 9853
2 3 11702 3948 752
2 4 11707 6749 9703 11688
2 6 11707 13218 9719 6764 3761 758
2 2 11710 758
2 5 11710 9689 6734 11673 9817
2 3 11735 13252 3601
2 2 11746 886
2 7 11746 11810 10056 9763 869 11792 940
2 3 11746 806 12029
1 4 11751 9794 3910 9838
1 4 11751 9794 6926 925
1 6 11757 7517 12374 7986 10783 3834
1 3 11760 11791 689
1 5 11760 6855 827 9808 6850
1 4 11784 9806 6808 3951
1 6 11800 4442 6890 9825 659 11760
1 3 11800 3802 6850
1 6 11811 904 11866 11883 979 6938
1 4 11811 6871 9806 11784
1 4 11833 6875 6862 11751
1 2 11833 6946
1 3 11833 910 9907
1 6 11833 6875 9750 3885 6926 925
2 5 11834 956 3961 9736 3768
2 6 11834 958 11713 762 780 6613
1 3 11848 9799 6864
1 7 11848 928 11898 981 856 11831 3951
2 2 11851 931
2 5 11853 652 7470 6935 864
2 4 11853 10399 11739 4512
2 3 11853 9886 9932
2 3 11853 9954 11797
2 3 11853 6991 10472
2 5 11853 6991 789 7454 3653
1 4 11867 947 3851 11811
1 4 11867 6912 9887 6864
1 4 11867 856 11831 3951
2 4 11899 6799 9591 9588
2 4 11899 11741 797 3956
2 4 11899 953 11858 937
2 5 11913 11982 1089 10076 12052
2 5 11913 4148 7181 4123 4082
2 4 11913 4148 1001 1161
2 3 11913 1146 7222
2 3 11941 7152 4189
2 11 11954 10123 12094 4151 1204 7082 9992 1130 4136 10120 7079
4 4 11969 10091 7162 11921
2 4 11979 1155 12049 4073
2 5 11991 1096 7146 1195 1055
2 5 11991 7191 7120 10076 12052
2 7 11991 7191 10101 4173 1171 11994 7222
1 3 12031 7072 9965
2 2 12046 10876
2 4 12046 3795 1600 10106
2 5 12046 2097 12855 829 5050
2 4 12046 3795 12372 901
2 6 12052 10076 1089 10095 7142 4082
2 9 12052 10076 1089 11982 996 4105 1171 11994 7222
1 4 12058 1164 9940 4170
2 2 12071 12889
2 5 12071 1064 11999 1206 12771
2 3 12076 7014 12052
1 7 12084 1006 10084 1138 4113 10012 4070
1 3 12084 7071 11986
1 4 12086 1612 9934 4009
1 3 12098 12066 9990
2 4 12100 989 4116 4150
1 8 12149 7433 1284 12291 4362 634 12289 1424
1 10 12189 10466 11643 6686 12500 9798 3787 11750 6989 957
1 8 12189 4805 7672 10722 7801 10655 4725 7763
1 7 12232 4401 7347 12176 1605 1400 4363
2 10 12244 4356 12203 6288 31 11193 11133 9145 6121 99
1 4 12264 12224 7225 4433
1 4 12264 12224 7408 1427
1 5 12264 4251 10177 7319 7376
1 4 12264 12431 12417 1592
1 3 12264 10467 4302
2 3 12268 4381 1373
1 4 12268 1401 7396 7384
1 3 12275 7447 1238
2 2 12282 7446
2 5 12282 4501 1383 8023 7965
2 5 12282 1653 1114 12008 1073
1 6 12297 4397 10016 11936 1185 4075
1 6 12297 7280 1302 10238 1374 1592
1 5 12297 7280 1302 4379 10309
2 5 12298 4322 7438 7370 10253
1 6 12309 1599 9702 6669 10403 10472
1 5 12309 1599 6671 3658 772
2 4 12333 8099 7618 12465
2 3 12341 10861 3960
2 2 12341 10337
2 7 12341 5022 6798 12728 4955 10894 10740
1 6 12357 9657 926 7829 4029 1849
1 6 12357 12456 1560 9910 7306 7458
1 6 12364 10402 10390 8208 10985 12942
1 2 12364 10515
2 5 12386 4524 7487 7512 4468
2 4 12419 10697 4584 1833
2 5 12419 1509 5203 7605 4879
2 4 12419 1509 10668 8214
2 3 12450 11708 12309
2 4 12450 12320 3564 10472
1 5 12458 1503 1559 7599 1453
1 4 12458 12778 6803 1618
2 7 12465 1649 4499 1554 7501 7777 10601
2 2 12465 1614
1 3 12485 1588 12618
1 6 12485 4876 10638 1743 12629 10647
1 6 12485 1502 1811 7578 10363 12348
1 2 12489 12458
1 6 12497 12697 7626 954 10727 6696
1 4 12497 10457 12305 4569
1 5 12501 12670 8083 10657 7791
1 4 12501 12670 6974 6696
1 6 12501 12670 1987 7615 4540 4449
1 6 12501 10824 10753 11717 8110 4565
1 7 12501 12670 1987 7615 4625 10477 12489
2 4 12518 11607 12592 10540
2 7 12518 11607 12592 4455 13062 5264 13063
2 11 12527 12187 4802 7898 12393 10677 12502 4669 1684 1664 7768
2 6 12527 12187 11195 4314 12558 7712
2 5 12536 4866 10652 1297 4803
2 4 12536 4866 7274 7825
2 4 12536 7789 12174 10617
2 3 12547 12692 12419
2 3 12547 4696 1833
2 7 12547 12589 10415 10442 5189 7605 4879
2 5 12547 12589 10415 4528 5154
1 3 12566 1836 1752
1 6 12566 7877 1767 7760 1851 4741
1 5 12566 7877 4759 12603 12663
2 4 12583 7706 10660 10488
2 3 12583 4773 7711
1 5 12586 1683 12516 7840 4749
1 7 12586 10676 10333 10391 10717 1564 10370
1 3 12605 1859 10623
1 3 12618 7832 7763
1 3 12620 1875 1747
1 4 12620 4880 10719 6752
1 7 12620 10569 10595 12646 10666 9892 1678
2 6 12655 1780 10673 12599 7849 10617
2 6 12660 12543 10559 7725 4677 7786
2 8 12660 12543 10541 12537 4809 7873 1847 12618
1 5 12660 7851 10678 12657 7763
1 3 12663 3481 4739
1 7 12702 1955 10850 12749 5058 2057 5027
1 2 12702 10791
1 3 12715 4965 2077
1 5 12715 4904 12867 2021 10889
1 4 12717 12763 1910 2041
3 3 12731 12817 1891
1 4 12735 7422 4756 7480
1 4 12735 10192 10824 12501
1 4 12735 11509 7583 10492
1 5 12736 8119 7964 12859 1892
2 2 12742 10862
2 2 12742 10803
2 3 12746 5052 10172
2 3 12746 12873 7921
2 3 12746 12873 10895
2 6 12746 2051 8032 4887 12755 1965
2 4 12766 8043 4985 8124
2 6 12766 13250 12723 5017 2003 2046
1 5 12789 5102 8041 10741 5033
2 4 12794 8116 7954 5101
2 4 12794 5045 8008 1909
2 3 12794 8065 8122
1 6 12797 4313 11448 7270 10490 10750
1 2 12798 8047
1 4 12798 8075 2007 5026
1 4 12798 10888 8149 13289
2 6 12806 1914 12887 12800 13244 7912
2 6 12806 1914 12887 12800 10877 7996
2 4 12806 10743 12862 1984
2 7 12806 10743 10784 2088 12723 13250 12766
2 3 12806 10795 2016
2 5 12806 10743 10784 2088 2046
1 2 12823 8017
1 5 12830 11012 5054 2080 5036
2 4 12830 11012 9137 6039
1 4 12830 12824 10883 988
2 4 12835 10769 13088 5021
2 5 12835 7973 10738 12804 10172
2 4 12835 7973 10853 7921
1 5 12835 7973 10800 12850 10830
1 5 12853 12999 10874 2035 4980
2 2 12863 7982
2 3 12863 10881 8117
1 2 12865 8017
2 3 12891 12834 4989
2 4 12891 12747 12858 1909
1 5 12923 12977 10945 2181 12951
1 3 12923 8140 12987
1 5 12930 2174 2224 11001 13308
1 4 12930 2174 13303 8217
1 4 12930 2174 13302 12994
1 7 12933 2150 12947 5151 13281 12959 12987
1 5 12942 10975 5163 1449 10515
1 7 12942 10975 8255 5143 2208 10986 2106
1 5 12942 11022 12978 13309 8216
1 4 12950 5155 2120 12935
1 2 12950 5199
1 4 12951 10959 5148 2111
1 4 12951 5200 10973 2209
1 4 12951 10959 5115 12987
2 7 12981 2126 4735 13217 1580 12963 8214
2 2 12981 8248
2 4 12981 7548 9986 2024
2 4 12981 2126 12391 8138
2 5 12981 2126 4735 8136 10957
2 5 12981 7548 8054 12677 5199
2 3 12981 7548 12795
1 2 12984 5121
1 6 12987 12959 13281 2168 12999 12853
1 5 12989 7088 12783 12847 1950
1 2 12994 5171
1 4 12997 12983 5190 8199
1 3 12997 2162 5166
2 5 13011 9472 9444 11407 6583
2 5 13011 551 6949 11491 11506
2 4 13068 516 6560 6446
2 5 13068 11519 6537 11407 6583
2 3 13068 11419 6496
1 5 13068 6598 9431 9498 3211
2 2 13091 4848
1 5 13143 7097 10517 7665 10335
1 6 13143 7097 10517 7101 7434 12086
1 11 13206 318 6359 6413 6340 406 9341 6220 9241 3331 6354
1 4 13206 3393 9274 3320
2 8 13255 3884 11767 914 9805 9916 11786 863
2 6 13255 9914 11762 9849 6940 9890
2 3 13255 9780 9809
2 5 13255 9914 11762 867 3882
2 5 13255 9780 3896 6913 937
1 3 13288 5202 5166
1 5 13289 10970 2212 12983 12997
1 4 13289 8149 5162 8199
1 6 13308 11001 13311 10965 12943 2209
1 2 13308 8216
1 3 13308 13310 5171
